Natural Boundary Results: 
[0.000000, 0.500000] 0.500000 1.720584 0.000000 0.522776
[0.500000, 1.000000] 1.425639 2.112666 0.784164 -0.297232
[1.000000, 1.500000] 2.640859 2.673906 0.338316 -0.425888
[1.500000, 2.000000] 4.009155 2.692806 -0.300516 0.200344
Clamped Boundary Results: 
[0.000000, 0.500000] 0.500000 1.500000 0.755699 -0.106286
[0.500000, 1.000000] 1.425639 2.175984 0.596270 -0.174718
[1.000000, 1.500000] 2.640859 2.641216 0.334193 -0.286882
[1.500000, 2.000000] 4.009155 2.760248 -0.096130 -0.478194
Not-a-Knot Results: 
[0.000000, 0.500000] 0.500000 1.485452 0.807897 -0.152490
[0.500000, 1.000000] 1.425639 2.178981 0.579162 -0.152490
[1.000000, 1.500000] 2.640859 2.643776 0.350427 -0.329590
[1.500000, 2.000000] 4.009155 2.747011 -0.143958 -0.329590